 512  2.50
 553  2.70
 599  2.92
 644  3.14
 689  3.36
 731  3.56
 772  3.76
 811  3.95
 847  4.13
 880  4.29
 911  4.44
 939  4.58
 962  4.69
 982  4.79
 999  4.87
1011  4.93
1018  4.97
1022  4.99
1022  4.99
1017  4.96
1009  4.92
 996  4.86
 979  4.78
 957  4.67
 934  4.56
 906  4.42
 874  4.26
 841  4.10
 804  3.92
 764  3.73
 723  3.53
 680  3.32
 635  3.10
 590  2.88
 544  2.65
 497  2.42
 451  2.20
 405  1.97
 360  1.75
 317  1.54
 275  1.34
 235  1.14
 197  0.96
 161  0.78
 129  0.62
 100  0.48
  74  0.36
  52  0.25
  34  0.16
  19  0.09
   9  0.04
   2  0.00
   0  0.00
   2  0.00
  10  0.04
  20  0.09
  34  0.16
  53  0.25
  75  0.36
 101  0.49
 131  0.63
 164  0.80
 198  0.96
 236  1.15
 277  1.35
 319  1.55
 362  1.76
 407  1.98
 453  2.21
 500  2.44
 546  2.66
 592  2.89
 638  3.11
 682  3.33
 725  3.54
 766  3.74
 806  3.93
 842  4.11
 876  4.27
 907  4.42
 935  4.56
 959  4.68
 979  4.78
 997  4.86
1009  4.92
1017  4.96
1022  4.99
1023  4.99
1018  4.97
1010  4.93
 998  4.87
 982  4.79
 961  4.69
 937  4.57
 910  4.44
 879  4.29
 846  4.13
 809  3.95
 770  3.75
 729  3.55
 686  3.34
 642  3.13
 597  2.91
 551  2.69
 504  2.46
 458  2.23
 412  2.01
 367  1.79
 323  1.57
 281  1.37
 240  1.17
 202  0.98
 166  0.81
 134  0.65
 104  0.50
  78  0.38
  55  0.26
  36  0.17
  21  0.10
  10  0.04
   3  0.01
   0  0.00
   2  0.00
   9  0.04
  18  0.08
  32  0.15
  50  0.24
  72  0.35
  97  0.47
 126  0.61
 159  0.77
 193  0.94
 231  1.12
 271  1.32
 313  1.52
 356  1.73
 401  1.95
 447  2.18
 493  2.40
 539  2.63
 585  2.85
 631  3.08
 676  3.30
 719  3.51
 760  3.71
 800  3.90
 837  4.08
 871  4.25
 903  4.40
 931  4.54
 956  4.66
 976  4.76
 994  4.85
1008  4.92
1016  4.96
1022  4.99
1023  4.99
1019  4.97
1011  4.93
1000  4.88
 984  4.80
 964  4.70
 941  4.59
 914  4.46
 884  4.31
 851  4.15
 815  3.97
 776  3.78
 735  3.58
 693  3.38
 649  3.16
 603  2.94
 557  2.71
 511  2.49
 465  2.27
 419  2.04
 374  1.82
 329  1.60
 287  1.40
 246  1.20
 207  1.01
 171  0.83
 138  0.67
 108  0.52
  81  0.39
  59  0.28
  38  0.18
  23  0.11
  11  0.05
   4  0.01
   1  0.00
   1  0.00
   7  0.03
  16  0.07
  29  0.14
  46  0.22
  68  0.33
  93  0.45
 121  0.59
 153  0.74
 187  0.91
 224  1.09
 264  1.28
 305  1.48
 348  1.69
 393  1.91
 439  2.14
 485  2.36
 531  2.59
 577  2.81
 623  3.04
 668  3.26
 711  3.47
 753  3.67
 793  3.87
 831  4.05
 865  4.22
 898  4.38
 927  4.52
 952  4.64
 973  4.75
 991  4.83
1006  4.91
1015  4.95
1021  4.98
1023  4.99
1020  4.98
1013  4.94
1002  4.89
 987  4.81
 968  4.72
 946  4.61
 919  4.48
 890  4.34
 856  4.17
 821  4.00
 783  3.82
 742  3.62
 700  3.41
 657  3.20
 611  2.98
 565  2.75
 519  2.53
 473  2.30
 427  2.08
 381  1.86
 337  1.64
 294  1.43
 253  1.23
 214  1.04
 178  0.86
 144  0.70
 113  0.55
  86  0.41
  62  0.30
  41  0.20
  25  0.12
  13  0.06
   5  0.02
   1  0.00
   1  0.00
   6  0.02
  14  0.06
  26  0.12
  43  0.20
  64  0.31
  88  0.42
 115  0.56
 147  0.71
 180  0.87
 217  1.05
 256  1.25
 298  1.45
 341  1.66
 385  1.87
 431  2.10
 477  2.32
 523  2.55
 569  2.77
 615  3.00
 660  3.22
 704  3.43
 746  3.64
 786  3.83
 824  4.02
 860  4.19
 892  4.35
 922  4.50
 948  4.62
 969  4.73
 989  4.82
1003  4.89
1014  4.95
1020  4.98
1023  4.99
1021  4.98
1014  4.95
1004  4.90
 990  4.83
 972  4.74
 950  4.63
 924  4.51
 895  4.37
 862  4.20
 828  4.04
 790  3.85
 750  3.66
 708  3.45
 664  3.24
 619  3.02
 574  2.80
 527  2.57
 481  2.34
 435  2.12
 389  1.89
 345  1.68
 301  1.46
 260  1.26
 221  1.07
 184  0.89
 149  0.72
 118  0.57
  90  0.43
  66  0.32
  45  0.21
  28  0.13
  15  0.07
   7  0.03
   1  0.00
   0  0.00
   5  0.02
  13  0.06
  24  0.11
  40  0.19
  61  0.29
  84  0.41
 111  0.54
 142  0.69
 175  0.85
 212  1.03
 250  1.22
 291  1.42
 334  1.63
 378  1.84
 424  2.07
 470  2.29
 516  2.51
 563  2.74
 608  2.96
 654  3.19
 698  3.40
 740  3.61
 781  3.81
 819  3.99
 855  4.17
 887  4.33
 917  4.47
 944  4.60
 966  4.71
 986  4.81
1002  4.89
1013  4.94
1019  4.97
1023  4.99
1021  4.98
1015  4.95
1006  4.91
 993  4.84
 975  4.76
 953  4.65
 928  4.53
 900  4.39
 867  4.23
 833  4.06
 796  3.88
 756  3.69
 714  3.48
 671  3.27
 626  3.05
 580  2.83
 534  2.60
 488  2.38
 441  2.15
 396  1.93
 351  1.71
 308  1.50
 266  1.29
 226  1.10
 189  0.92
 154  0.75
 123  0.60
  94  0.45
  69  0.33
  48  0.23
  30  0.14
  16  0.07
   8  0.03
   1  0.00
   0  0.00
   3  0.01
  11  0.05
  22  0.10
  38  0.18
  58  0.28
  80  0.39
 107  0.52
 137  0.66
 170  0.83
 206  1.00
 245  1.19
 285  1.39
 328  1.60
 372  1.81
 417  2.03
 463  2.26
 509  2.48
 556  2.71
 602  2.93
 647  3.15
 691  3.37
 734  3.58
 775  3.78
 813  3.96
 850  4.15
 882  4.30
 913  4.45
 940  4.58
 963  4.70
 984  4.80
1000  4.88
1011  4.93
1018  4.97
1022  4.99
1022  4.99
1016  4.96
1008  4.92
 995  4.85
 978  4.77
 956  4.66
 932  4.55
 904  4.41
 872  4.25
 838  4.09
 801  3.91
 762  3.72
 720  3.51
 677  3.30
 633  3.09
 587  2.86
 541  2.64
 495  2.41
 448  2.18
 403  1.96
 358  1.74
 314  1.53
 272  1.32
 232  1.13
 194  0.94
 159  0.77
 127  0.62
  98  0.47
  73  0.35
  51  0.24
  33  0.16
  18  0.08
   9  0.04
   2  0.00
   0  0.00
   3  0.01
  10  0.04
  21  0.10
  35  0.17
  55  0.26
  77  0.37
 103  0.50
 132  0.64
 166  0.81
 201  0.98
 239  1.16
 279  1.36
 322  1.57
 365  1.78
 410  2.00
 456  2.22
 503  2.45
 549  2.68
 595  2.90
 640  3.12
 685  3.34
 728  3.55
 769  3.75
 808  3.94
 844  4.12
 878  4.28
 909  4.43
 937  4.57
 960  4.68
 981  4.79
 998  4.87
1010  4.93
1017  4.96
1022  4.99
1022  4.99
1018  4.97
1010  4.93
 997  4.86
 980  4.78
 959  4.68
 936  4.57
 908  4.43
 877  4.28
 844  4.12
 807  3.94
 768  3.75
 726  3.54
 684  3.33
 639  3.12
 594  2.90
 548  2.67
 501  2.44
 455  2.22
 409  1.99
 364  1.77
 320  1.56
 278  1.35
 238  1.16
 200  0.97
 164  0.80
 132  0.64
 102  0.49
  76  0.37
  54  0.26
  35  0.17
  20  0.09
   9  0.04
   3  0.01
   0  0.00
   2  0.00
   9  0.04
  19  0.09
  33  0.16
  51  0.24
  73  0.35
  99  0.48
 128  0.62
 161  0.78
 195  0.95
 233  1.13
 273  1.33
 315  1.53
 359  1.75
 404  1.97
 450  2.19
 496  2.42
 542  2.64
 588  2.87
 634  3.09
 678  3.31
 722  3.52
 763  3.72
 802  3.91
 839  4.09
 873  4.26
 905  4.41
 933  4.55
 957  4.67
 978  4.77
 995  4.85
1008  4.92
1016  4.96
1022  4.99
1023  4.99
1019  4.97
1011  4.93
 999  4.87
 983  4.79
 963  4.70
 940  4.58
 913  4.45
 882  4.30
 849  4.14
 813  3.96
 774  3.77
 732  3.57
 690  3.36
 646  3.15
 601  2.93
 555  2.70
 508  2.48
 462  2.25
 416  2.03
 371  1.81
 327  1.59
 285  1.39
 244  1.19
 205  1.00
 169  0.82
 136  0.66
 106  0.51
  80  0.39
  57  0.27
  37  0.18
  22  0.10
  10  0.04
   4  0.01
   0  0.00
   2  0.00
   8  0.03
  17  0.08
  30  0.14
  48  0.23
  70  0.34
  95  0.46
 123  0.60
 156  0.76
 190  0.92
 227  1.10
 267  1.30
 309  1.50
 352  1.71
 397  1.93
 443  2.16
 489  2.38
 535  2.61
 581  2.83
 627  3.06
 672  3.28
 715  3.49
 757  3.69
 797  3.89
 834  4.07
 868  4.23
 900  4.39
 929  4.53
 954  4.65
 975  4.76
 993  4.84
1007  4.91
1015  4.95
1022  4.99
1023  4.99
1020  4.98
1012  4.94
1001  4.88
 986  4.81
 966  4.71
 943  4.60
 917  4.47
 887  4.33
 853  4.16
 818  3.99
 780  3.80
 739  3.60
 696  3.39
 653  3.18
 607  2.96
 561  2.73
 515  2.51
 469  2.29
 423  2.06
 377  1.84
 333  1.62
 291  1.42
 249  1.21
 211  1.03
 174  0.84
 141  0.68
 110  0.53
  83  0.40
  60  0.29
  40  0.19
  24  0.11
  12  0.05
   5  0.02
   1  0.00
   1  0.00
   6  0.02
  15  0.07
  28  0.13
  45  0.21
  66  0.32
  90  0.43
 118  0.57
 150  0.73
 184  0.89
 221  1.07
 260  1.26
 301  1.46
 345  1.68
 389  1.89
 435  2.12
 481  